,SchoolYear,OrganizationLevel,County,DistrictCode,DistrictName,DistrictOrganizationId,All Students,Female,Gender X,Male,American Indian/ Alaskan Native,Asian,Black/ African American,Hispanic/ Latino of any race(s),Native Hawaiian/ Other Pacific Islander,Two or More Races,White,English Language Learners,Highly Capable,Homeless,Low-Income,Migrant,Military Parent,Mobile,Section 504,Students with Disabilities,Non-English Language Learners,Non-Highly Capable,Non-Homeless,Non-Low Income,Non Migrant,Non Military Parent,Non Mobile,Non Section 504,Students without Disabilities,Percent Low-income,Percent Non-Low Income,Percent Homeless,Percent Non-Homeless
15768,2020-21,District,Grays Harbor,14005,Aberdeen School District,100010,3310,1673,0,1637,85,48,36,1137,2,270,1732,431,100,70,2480,89,24,173,133,573,2879,3210,3240,830,3221,3286,3137,3177,2737,0.75,0.25,0.02,0.98
15783,2020-21,District,Lewis,21226,Adna School District,100011,591,293,1,297,5,4,6,45,0,10,521,0,25,8,173,0,8,19,8,64,591,566,583,418,591,583,572,583,527,0.29,0.71,0.01,0.99
15794,2020-21,District,Lincoln,22017,Almira School District,100012,121,57,0,64,0,1,1,6,0,12,101,0,0,1,43,0,0,6,0,14,121,121,120,78,121,121,115,121,107,0.36,0.64,0.01,0.99
15809,2020-21,District,Skagit,29103,Anacortes School District,100013,2592,1279,2,1311,23,48,20,294,1,225,1981,42,212,46,720,10,281,104,131,352,2550,2380,2546,1872,2582,2311,2488,2461,2240,0.28,0.72,0.02,0.98
15824,2020-21,District,Snohomish,31016,Arlington School District,100014,5478,2649,5,2824,49,73,35,814,14,466,4027,257,179,71,1970,39,119,181,215,835,5221,5299,5407,3508,5439,5359,5297,5263,4643,0.36,0.64,0.01,0.99
15839,2020-21,District,Asotin,2420,Asotin-Anatone School District,100015,619,301,0,318,2,6,1,30,3,34,543,0,45,1,201,0,5,11,8,96,619,574,618,418,619,614,608,611,523,0.32,0.68,0.00,1.00
15854,2020-21,District,King,17408,Auburn School District,100016,17065,8284,0,8781,186,1894,1396,5391,850,1701,5647,3686,547,39,9705,12,147,475,262,1973,13379,16518,17026,7360,17053,16918,16590,16803,15092,0.57,0.43,0.00,1.00
15869,2020-21,District,Kitsap,18303,Bainbridge Island School District,100017,3677,1787,1,1889,17,120,22,290,8,355,2865,51,467,15,270,0,75,76,572,484,3626,3210,3662,3407,3677,3602,3601,3105,3193,0.07,0.93,0.00,1.00
15875,2020-21,District,Pierce,27931,Bates Technical College,104220,380,79,0,301,7,6,36,52,7,21,251,0,0,0,0,1,3,77,0,0,380,380,380,380,379,377,303,380,380,0.00,1.00,0.00,1.00
15888,2020-21,District,Clark,6119,Battle Ground School District,100018,12072,5978,2,6092,66,306,133,1379,61,690,9437,794,703,148,3955,10,112,530,423,1806,11278,11369,11924,8117,12062,11960,11542,11649,10266,0.33,0.67,0.01,0.99
15903,2020-21,District,King,17405,Bellevue School District,100019,20283,9719,17,10547,25,8728,656,2642,53,1897,6282,3074,3397,240,3515,7,166,483,1274,1896,17209,16886,20043,16768,20276,20117,19800,19009,18387,0.17,0.83,0.01,0.99
15918,2020-21,District,Whatcom,37501,Bellingham School District,100020,11566,5504,29,6033,109,607,176,1936,31,1027,7680,829,770,283,3914,94,68,291,792,1786,10737,10796,11283,7652,11472,11498,11275,10774,9780,0.34,0.66,0.02,0.98
15926,2020-21,District,Adams,1122,Benge School District,100021,20,10,0,10,0,0,0,2,0,1,17,0,0,0,3,0,0,0,0,1,20,20,20,17,20,20,20,20,19,0.15,0.85,0.00,1.00
15940,2020-21,District,Pierce,27403,Bethel School District,100022,20114,9746,9,10359,211,810,1482,4195,994,3109,9311,691,971,329,10110,8,397,739,503,2782,19423,19143,19785,10004,20106,19717,19375,19611,17332,0.50,0.50,0.02,0.98
15954,2020-21,District,Klickitat,20203,Bickleton School District,100023,40,10,0,30,0,0,3,12,0,0,25,0,0,2,7,2,0,0,0,18,40,40,38,33,38,40,40,40,22,0.18,0.83,0.05,0.95
15969,2020-21,District,Whatcom,37503,Blaine School District,100024,2206,1068,1,1137,28,93,32,340,17,158,1538,104,261,34,1027,3,20,69,116,349,2102,1945,2172,1179,2203,2186,2137,2090,1857,0.47,0.53,0.02,0.98
15980,2020-21,District,Lewis,21234,Boistfort School District,100025,91,45,1,45,0,1,1,13,0,4,72,5,5,2,46,0,0,6,7,21,86,86,89,45,91,91,85,84,70,0.51,0.49,0.02,0.98
15995,2020-21,District,Kitsap,18100,Bremerton School District,100026,4542,2228,2,2312,37,165,257,1063,97,723,2200,466,200,71,2929,27,282,216,248,796,4076,4342,4471,1613,4515,4260,4326,4294,3746,0.64,0.36,0.02,0.98
16010,2020-21,District,Okanogan,24111,Brewster School District,100027,961,482,0,479,7,2,1,856,0,8,87,357,17,0,892,150,0,36,27,112,604,944,961,69,811,961,925,934,849,0.93,0.07,0.00,1.00
16025,2020-21,District,Douglas,9075,Bridgeport School District,100028,806,391,0,415,1,3,1,761,0,1,39,370,23,42,730,90,1,41,30,84,436,783,764,76,716,805,765,776,722,0.91,0.09,0.05,0.95
16036,2020-21,District,Jefferson,16046,Brinnon School District,100029,75,31,0,44,1,0,0,8,1,1,64,0,7,0,58,0,5,1,1,10,75,68,75,17,75,70,74,74,65,0.77,0.23,0.00,1.00
16051,2020-21,District,Skagit,29100,Burlington-Edison School District,100030,3402,1603,1,1798,23,43,22,1611,11,145,1547,740,204,110,1835,191,16,100,109,533,2662,3198,3292,1567,3211,3386,3302,3293,2869,0.54,0.46,0.03,0.97
16066,2020-21,District,Clark,6117,Camas School District,100031,7278,3548,2,3728,17,638,73,781,13,704,5052,211,817,72,1020,0,115,210,385,828,7067,6461,7206,6258,7278,7163,7068,6893,6450,0.14,0.86,0.01,0.99
16081,2020-21,District,Clallam,5401,Cape Flattery School District,100032,519,259,0,260,250,2,0,106,0,108,53,0,1,16,361,0,5,10,26,79,519,518,503,158,519,514,509,493,440,0.70,0.30,0.03,0.97
16092,2020-21,District,Pierce,27019,Carbonado School District,100033,204,103,0,101,0,0,0,3,0,6,195,0,1,0,43,0,4,2,0,29,204,203,204,161,204,200,202,204,175,0.21,0.79,0.00,1.00
16107,2020-21,District,Chelan,4228,Cascade School District,100034,1262,593,4,665,7,5,7,394,0,48,801,138,19,49,560,44,5,40,37,123,1124,1243,1213,702,1218,1257,1222,1225,1139,0.44,0.56,0.04,0.96
16122,2020-21,District,Chelan,4222,CASHMERE SCHOOL DISTRICT,100035,1630,789,1,840,5,9,6,651,3,47,909,214,49,25,706,76,2,51,65,230,1416,1581,1605,924,1554,1628,1579,1565,1400,0.43,0.57,0.02,0.98
16137,2020-21,District,Cowlitz,8401,Castle Rock School District,100036,1336,637,0,699,7,10,1,105,4,76,1130,26,19,24,685,0,11,34,80,279,1310,1317,1312,651,1336,1325,1302,1256,1057,0.51,0.49,0.02,0.98
16143,2020-21,District,Kitsap,18901,Catalyst Public Schools,106245,167,77,2,88,1,3,16,24,2,21,100,0,0,0,0,1,25,11,0,13,167,167,167,167,166,142,156,167,154,0.00,1.00,0.00,1.00
16153,2020-21,District,Klickitat,20215,Centerville School District,100037,86,40,0,46,0,0,1,9,0,1,75,0,0,0,24,0,0,4,1,6,86,86,86,62,86,86,82,85,80,0.28,0.72,0.00,1.00
16167,2020-21,District,Kitsap,18401,Central Kitsap School District,100038,11141,5436,1,5704,55,512,350,1787,136,1904,6394,387,1055,204,3853,10,1517,353,445,1802,10754,10086,10937,7288,11131,9624,10788,10696,9339,0.35,0.65,0.02,0.98
16183,2020-21,District,Spokane,32356,Central Valley School District,100039,14128,6738,10,7380,186,275,343,549,135,796,11841,466,267,224,4499,14,215,361,291,2057,13662,13861,13904,9629,14114,13913,13767,13837,12071,0.32,0.68,0.02,0.98
16199,2020-21,District,Lewis,21401,Centralia School District,100040,3379,1627,4,1748,22,27,38,1347,8,157,1773,440,99,144,2682,73,22,135,65,513,2939,3280,3235,697,3306,3357,3244,3314,2866,0.79,0.21,0.04,0.96
16215,2020-21,District,Lewis,21302,Chehalis School District,100041,3068,1455,3,1610,9,25,41,633,8,195,2157,126,74,81,1460,24,44,138,69,494,2942,2994,2987,1608,3044,3024,2930,2999,2574,0.48,0.52,0.03,0.97
16230,2020-21,District,Spokane,32360,Cheney School District,100042,5097,2422,4,2671,99,94,89,606,97,400,3712,210,346,94,2529,5,295,157,140,939,4887,4751,5003,2568,5092,4802,4940,4957,4158,0.50,0.50,0.02,0.98
16246,2020-21,District,Stevens,33036,Chewelah School District,100043,707,334,1,372,7,3,1,40,1,55,600,0,0,37,408,0,8,26,77,119,707,707,670,299,707,699,681,630,588,0.58,0.42,0.05,0.95
16261,2020-21,District,Pierce,27901,Chief Leschi Schools,106180,562,274,0,288,453,0,0,83,0,26,0,0,0,0,318,2,0,3,12,94,562,562,562,244,560,562,559,550,468,0.57,0.43,0.00,1.00
16275,2020-21,District,Jefferson,16049,Chimacum School District,100044,734,346,1,387,5,6,2,70,1,65,585,11,0,31,389,3,11,24,21,137,723,734,703,345,731,723,710,713,597,0.53,0.47,0.04,0.96
16290,2020-21,District,Asotin,2250,Clarkston School District,100045,2543,1262,1,1280,45,21,26,214,1,148,2088,17,62,110,1484,0,18,124,97,430,2526,2481,2433,1059,2543,2525,2419,2446,2113,0.58,0.42,0.04,0.96
16306,2020-21,District,Kittitas,19404,Cle Elum-Roslyn School District,100046,849,418,2,429,9,7,1,80,0,56,696,17,27,7,343,0,5,29,25,137,832,822,842,506,849,844,820,824,712,0.40,0.60,0.01,0.99
16321,2020-21,District,Pierce,27400,Clover Park School District,100047,12582,6011,62,6509,76,484,1519,4429,735,1873,3466,1803,452,217,8287,11,3916,706,312,2031,10779,12130,12365,4295,12571,8666,11876,12270,10551,0.66,0.34,0.02,0.98
16336,2020-21,District,Whitman,38300,Colfax School District,100048,512,244,0,268,1,3,0,25,0,37,446,1,16,9,156,0,6,20,22,82,511,496,503,356,512,506,492,490,430,0.30,0.70,0.02,0.98
16351,2020-21,District,Walla Walla,36250,College Place School District,100049,1609,796,1,812,5,11,9,714,6,84,780,311,78,35,887,65,23,47,46,228,1298,1531,1574,722,1544,1586,1562,1563,1381,0.55,0.45,0.02,0.98
16366,2020-21,District,Whitman,38306,Colton School District,100050,169,82,1,86,0,1,0,7,0,1,160,0,0,4,51,0,2,5,0,27,169,169,165,118,169,167,164,169,142,0.30,0.70,0.02,0.98
16381,2020-21,District,Stevens,33206,Columbia (Stevens) School District,100051,110,41,0,69,34,2,1,17,0,8,48,0,19,7,58,0,2,3,2,18,110,91,103,52,110,108,107,108,92,0.53,0.47,0.06,0.94
16395,2020-21,District,Walla Walla,36400,Columbia (Walla Walla) School District,100052,735,348,1,386,6,1,7,307,0,14,400,117,45,12,404,27,1,27,0,124,618,690,723,331,708,734,708,735,611,0.55,0.45,0.02,0.98
16410,2020-21,District,Stevens,33115,Colville School District,100053,1588,778,3,807,27,3,7,95,1,102,1353,16,39,21,800,0,7,84,7,292,1572,1549,1567,788,1588,1581,1504,1581,1296,0.50,0.50,0.01,0.99
16425,2020-21,District,Skagit,29011,Concrete School District,100054,504,238,2,264,16,4,0,53,0,13,418,0,11,14,415,2,10,38,2,89,504,493,490,89,502,494,466,502,415,0.82,0.18,0.03,0.97
16436,2020-21,District,Skagit,29317,Conway School District,100055,471,230,0,241,1,4,7,62,0,0,397,16,0,9,88,19,0,12,20,49,455,471,462,383,452,471,459,451,422,0.19,0.81,0.02,0.98
16445,2020-21,District,Grays Harbor,14099,Cosmopolis School District,100056,175,105,0,70,3,3,0,12,0,12,145,3,1,4,71,2,5,2,5,24,172,174,171,104,173,170,173,170,151,0.41,0.59,0.02,0.98
16458,2020-21,District,Grant,13151,Coulee-Hartline School District,100057,180,82,6,92,1,0,3,5,0,0,171,0,3,1,86,0,0,3,0,18,180,177,179,94,180,180,177,180,162,0.48,0.52,0.01,0.99
16474,2020-21,District,Island,15204,Coupeville School District,100058,987,518,1,468,2,8,11,155,2,115,693,31,30,54,332,12,128,31,29,149,956,957,933,655,975,859,956,958,838,0.34,0.66,0.05,0.95
16489,2020-21,District,Clallam,5313,Crescent School District,100059,329,158,5,166,17,4,0,20,0,28,260,0,0,0,183,0,0,20,5,35,329,329,329,146,329,329,309,324,294,0.56,0.44,0.00,1.00
16503,2020-21,District,Lincoln,22073,Creston School District,100060,80,35,0,45,2,0,0,4,0,7,67,0,0,0,33,2,0,3,1,18,80,80,80,47,78,80,77,79,62,0.41,0.59,0.00,1.00
16517,2020-21,District,Ferry,10050,Curlew School District,100061,291,123,1,167,4,3,2,32,6,27,217,0,0,18,172,1,3,20,4,29,291,291,273,119,290,288,271,287,262,0.59,0.41,0.06,0.94
16532,2020-21,District,Pend Oreille,26059,Cusick School District,100062,285,135,1,149,66,2,2,24,0,47,144,1,7,49,202,1,4,8,7,56,284,278,236,83,284,281,277,278,229,0.71,0.29,0.17,0.83
16541,2020-21,District,Kittitas,19007,Damman School District,100063,41,19,0,22,2,1,1,2,0,0,35,0,0,0,0,1,0,1,0,2,41,41,41,41,40,41,40,41,39,0.00,1.00,0.00,1.00
16555,2020-21,District,Snohomish,31330,Darrington School District,100064,415,219,1,195,18,3,2,32,0,29,331,2,4,18,242,0,2,18,11,77,413,411,397,173,415,413,397,404,338,0.58,0.42,0.04,0.96
16570,2020-21,District,Lincoln,22207,Davenport School District,100065,551,263,0,288,13,3,0,20,1,26,488,1,4,5,261,0,11,24,11,80,550,547,546,290,551,540,527,540,471,0.47,0.53,0.01,0.99
16585,2020-21,District,Columbia,7002,Dayton School District,100066,406,194,0,212,4,4,2,81,0,12,303,2,7,16,219,0,1,21,13,53,404,399,390,187,406,405,385,393,353,0.54,0.46,0.04,0.96
16600,2020-21,District,Spokane,32414,Deer Park School District,100067,2563,1268,1,1294,68,17,32,155,5,10,2276,24,112,65,1233,3,14,66,139,328,2539,2451,2498,1330,2560,2549,2497,2424,2235,0.48,0.52,0.03,0.97
16612,2020-21,District,Pierce,27343,Dieringer School District,100068,1382,661,0,721,7,110,35,136,11,150,933,67,26,8,219,3,23,55,74,188,1315,1356,1374,1163,1379,1359,1327,1308,1194,0.16,0.84,0.01,0.99
16620,2020-21,District,Walla Walla,36101,Dixie School District,100069,30,11,1,18,1,0,0,2,0,0,27,0,0,3,30,0,1,0,0,5,30,30,27,0,30,29,30,30,25,1.00,0.00,0.10,0.90
16634,2020-21,District,Spokane,32361,East Valley School District (Spokane),100070,3748,1831,3,1914,41,42,54,429,45,250,2887,112,103,98,2094,2,16,159,154,585,3636,3645,3650,1654,3746,3732,3589,3594,3163,0.56,0.44,0.03,0.97
16649,2020-21,District,Yakima,39090,East Valley School District (Yakima),100071,3182,1531,6,1645,27,19,19,1685,3,108,1321,371,183,107,1868,188,29,91,73,422,2811,2999,3075,1314,2994,3153,3091,3109,2760,0.59,0.41,0.03,0.97
16664,2020-21,District,Douglas,9206,Eastmont School District,100072,6076,2975,1,3100,19,51,20,3017,3,158,2808,1029,310,122,3393,629,27,182,220,761,5047,5766,5954,2683,5447,6049,5894,5856,5315,0.56,0.44,0.02,0.98
16679,2020-21,District,Kittitas,19028,Easton School District,100073,88,44,0,44,0,0,0,28,0,2,58,9,0,0,74,0,0,8,2,18,79,88,88,14,88,88,80,86,70,0.84,0.16,0.00,1.00
16694,2020-21,District,Pierce,27404,Eatonville School District,100074,1899,913,8,978,12,6,7,174,5,134,1561,14,19,7,816,0,73,102,69,241,1885,1880,1892,1083,1899,1826,1797,1830,1658,0.43,0.57,0.00,1.00
16709,2020-21,District,Snohomish,31015,Edmonds School District,100075,20933,9893,38,11002,101,2735,1586,4647,178,2293,9393,3107,782,368,7477,11,120,485,926,3188,17826,20151,20565,13456,20922,20813,20448,20007,17745,0.36,0.64,0.02,0.98
16724,2020-21,District,Kittitas,19401,Ellensburg School District,100076,3205,1567,4,1634,25,54,41,698,4,115,2268,268,206,11,1423,52,33,92,117,429,2937,2999,3194,1782,3153,3172,3113,3088,2776,0.44,0.56,0.00,1.00
16739,2020-21,District,Grays Harbor,14068,Elma School District,100077,1521,742,0,779,23,13,6,335,0,106,1037,117,85,27,870,25,15,39,57,295,1404,1436,1494,651,1496,1506,1482,1464,1226,0.57,0.43,0.02,0.98
16750,2020-21,District,Whitman,38308,Endicott School District,100078,93,40,0,53,0,0,0,9,0,2,82,1,0,0,57,0,2,5,0,15,92,93,93,36,93,91,88,93,78,0.61,0.39,0.00,1.00
16765,2020-21,District,Chelan,4127,Entiat School District,100079,335,154,0,181,0,0,1,145,0,1,188,49,0,10,198,20,1,26,3,38,286,335,325,137,315,334,309,332,297,0.59,0.41,0.03,0.97
16780,2020-21,District,King,17216,Enumclaw School District,100080,4145,1981,1,2163,43,39,34,739,14,204,3072,230,231,122,1305,2,17,111,107,715,3915,3914,4023,2840,4143,4128,4034,4038,3430,0.31,0.69,0.03,0.97
16795,2020-21,District,Grant,13165,Ephrata School District,100081,2600,1272,0,1328,9,22,11,1007,1,74,1476,331,199,40,1542,152,28,79,133,370,2269,2401,2560,1058,2448,2572,2521,2467,2230,0.59,0.41,0.02,0.98
16803,2020-21,District,Spokane,32801,ESD 101 acting as a school district,100001,103,39,1,63,7,0,5,16,0,0,75,0,0,0,24,2,0,52,0,0,103,103,103,79,101,103,51,103,103,0.23,0.77,0.00,1.00
16807,2020-21,District,Yakima,39801,ESD 105 acting as a school district,100002,48,18,0,30,6,0,0,19,0,0,23,0,0,10,0,3,0,12,0,0,48,48,38,48,45,48,36,48,48,0.00,1.00,0.21,0.79
16812,2020-21,District,Clark,6801,ESD 112 acting as a school district,100003,198,85,2,111,1,0,4,24,4,9,155,0,0,0,0,0,1,59,0,0,198,198,198,198,198,197,139,198,198,0.00,1.00,0.00,1.00
16816,2020-21,District,Thurston,34801,ESD 113 acting as a school district,100004,332,153,4,175,8,4,14,43,4,32,227,0,0,52,0,0,10,94,0,0,332,332,280,332,332,322,238,332,332,0.00,1.00,0.16,0.84
16821,2020-21,District,Kitsap,18801,ESD 114 acting as a school district,100005,7,4,0,3,0,0,1,0,0,0,6,0,0,0,7,0,0,6,0,0,7,7,7,0,7,7,1,7,7,1.00,0.00,0.00,1.00
16824,2020-21,District,Franklin,11801,ESD 123 acting as a school district,100007,122,58,0,64,1,1,6,63,0,0,51,0,0,0,0,12,1,23,0,0,122,122,122,122,110,121,99,122,122,0.00,1.00,0.00,1.00
16830,2020-21,District,Skagit,29801,ESD 189 acting as a school district,100009,16,4,0,12,0,0,0,6,0,0,10,0,0,0,0,3,0,10,0,2,16,16,16,16,13,16,6,16,14,0.00,1.00,0.00,1.00
16837,2020-21,District,Lewis,21036,Evaline School District,100082,51,21,0,30,0,0,0,7,0,3,41,2,1,0,32,1,0,0,0,8,49,50,51,19,50,51,51,51,43,0.63,0.37,0.00,1.00
16852,2020-21,District,Snohomish,31002,Everett School District,100083,20294,9862,19,10413,94,3629,956,4176,290,1733,9416,3098,1636,828,8132,35,45,556,809,2761,17196,18658,19466,12162,20259,20249,19738,19485,17533,0.40,0.60,0.04,0.96
16867,2020-21,District,Clark,6114,Evergreen School District (Clark),100084,23632,11267,35,12330,100,1450,696,6204,552,2179,12451,3446,1820,558,11935,33,167,701,646,3443,20186,21812,23074,11697,23599,23465,22931,22986,20189,0.51,0.50,0.02,0.98
16876,2020-21,District,Stevens,33205,Evergreen School District (Stevens),100085,32,16,0,16,8,0,0,1,0,7,16,0,1,0,23,0,0,1,0,2,32,31,32,9,32,32,31,32,30,0.72,0.28,0.00,1.00
16890,2020-21,District,King,17210,Federal Way School District,100086,21856,10603,16,11237,95,2577,3502,7180,1231,2398,4873,4861,2013,465,14324,49,180,765,604,3151,16995,19843,21391,7532,21807,21676,21091,21252,18705,0.66,0.34,0.02,0.98
16905,2020-21,District,Whatcom,37502,Ferndale School District,100087,4375,2130,2,2243,353,173,47,949,11,384,2458,361,818,58,2074,52,45,134,224,706,4014,3557,4317,2301,4323,4330,4241,4151,3669,0.47,0.53,0.01,0.99
16920,2020-21,District,Pierce,27417,Fife School District,100088,3785,1828,8,1949,33,336,189,834,274,583,1536,498,117,57,1687,1,51,79,94,460,3287,3668,3728,2098,3784,3734,3706,3691,3325,0.45,0.55,0.02,0.98
16935,2020-21,District,Benton,3053,Finley School District,100089,881,418,0,463,1,2,2,442,0,29,405,189,46,11,715,65,4,38,19,125,692,835,870,166,816,877,843,862,756,0.81,0.19,0.01,0.99
16950,2020-21,District,Pierce,27402,Franklin Pierce School District,100090,7621,3682,0,3939,68,471,792,2389,484,1206,2211,894,185,252,5249,5,186,246,173,1083,6727,7436,7369,2372,7616,7435,7375,7448,6538,0.69,0.31,0.03,0.97
16965,2020-21,District,Spokane,32358,Freeman School District,100091,870,401,3,466,3,10,6,44,0,18,789,4,16,10,181,0,12,18,81,116,866,854,860,689,870,858,852,789,754,0.21,0.79,0.01,0.99
16980,2020-21,District,Whitman,38302,Garfield School District,100092,117,55,1,61,3,0,1,3,0,9,101,0,0,3,64,0,0,3,0,18,117,117,114,53,117,117,114,117,99,0.55,0.45,0.03,0.97
16995,2020-21,District,Klickitat,20401,Glenwood School District,100093,65,34,0,31,6,0,0,5,0,12,42,0,0,0,32,3,0,5,0,12,65,65,65,33,62,65,60,65,53,0.49,0.51,0.00,1.00
17010,2020-21,District,Klickitat,20404,Goldendale School District,100094,2205,1089,0,1116,54,40,43,283,11,227,1547,53,17,18,570,49,64,294,133,291,2152,2188,2187,1635,2156,2141,1911,2072,1914,0.26,0.74,0.01,0.99
17025,2020-21,District,Grant,13301,Grand Coulee Dam School District,100095,742,346,0,396,270,3,2,85,0,163,219,1,28,15,476,142,9,29,14,113,741,714,727,266,600,733,713,728,629,0.64,0.36,0.02,0.98
17040,2020-21,District,Yakima,39200,Grandview School District,100096,3647,1757,0,1890,4,2,3,3425,0,12,201,1153,74,59,2945,338,9,90,44,537,2494,3573,3588,702,3309,3638,3557,3603,3110,0.81,0.19,0.02,0.98
17055,2020-21,District,Yakima,39204,Granger School District,100097,1449,728,0,721,43,0,0,1345,0,3,58,469,11,46,1266,239,8,30,13,205,980,1438,1403,183,1210,1441,1419,1436,1244,0.87,0.13,0.03,0.97
17070,2020-21,District,Snohomish,31332,Granite Falls School District,100098,2095,1004,0,1091,40,16,21,263,18,135,1602,70,26,166,912,2,65,77,48,416,2025,2069,1929,1183,2093,2030,2018,2047,1679,0.44,0.56,0.08,0.92
17081,2020-21,District,Mason,23054,Grapeview School District,100099,200,85,0,115,0,5,2,18,0,21,154,1,0,0,80,0,8,10,1,27,199,200,200,120,200,192,190,199,173,0.40,0.60,0.00,1.00
17090,2020-21,District,Spokane,32312,Great Northern School District,100100,37,19,0,18,1,0,1,1,1,0,33,0,0,0,5,0,1,1,1,7,37,37,37,32,37,36,36,36,30,0.14,0.86,0.00,1.00
17100,2020-21,District,Clark,6103,Green Mountain School District,100101,153,78,0,75,2,3,1,4,0,3,140,1,7,9,56,0,3,12,3,18,152,146,144,97,153,150,141,150,135,0.37,0.63,0.06,0.94
17110,2020-21,District,Thurston,34324,Griffin School District,100102,619,299,0,320,12,5,6,56,4,56,480,1,71,1,111,0,8,18,24,101,618,548,618,508,619,611,601,595,518,0.18,0.82,0.00,1.00
17125,2020-21,District,Lincoln,22204,Harrington School District,100103,146,73,0,73,2,0,0,6,0,8,130,0,0,0,58,0,0,14,0,26,146,146,146,88,146,146,132,146,120,0.40,0.60,0.00,1.00
17140,2020-21,District,Yakima,39203,Highland School District,100104,1105,526,9,570,1,2,3,862,0,11,226,295,30,26,868,123,2,39,31,142,810,1075,1079,237,982,1103,1066,1074,963,0.79,0.21,0.02,0.98
17155,2020-21,District,King,17401,Highline School District,100105,18860,8922,30,9908,136,2811,2861,7482,659,1424,3487,5645,687,1022,11461,8,152,442,0,2894,13215,18173,17838,7399,18852,18708,18418,18860,15966,0.61,0.39,0.05,0.95
17170,2020-21,District,Clark,6098,Hockinson School District,100106,1863,914,1,948,8,51,22,130,6,99,1547,60,158,12,356,0,23,64,101,172,1803,1705,1851,1507,1863,1840,1799,1762,1691,0.19,0.81,0.01,0.99
17180,2020-21,District,Mason,23404,Hood Canal School District,100107,313,137,0,176,65,0,0,53,0,54,141,11,4,16,238,21,5,17,11,42,302,309,297,75,292,308,296,302,271,0.76,0.24,0.05,0.95
17195,2020-21,District,Grays Harbor,14028,Hoquiam School District,100108,1583,748,4,831,76,10,20,331,1,125,1020,99,0,56,1183,22,4,49,44,279,1484,1583,1527,400,1561,1579,1534,1539,1304,0.75,0.25,0.04,0.96
17201,2020-21,District,King,17911,Impact | Puget Sound Elementary,106096,415,208,1,206,1,52,218,66,2,15,61,168,5,4,271,0,2,8,0,16,247,410,411,144,415,413,407,415,399,0.65,0.35,0.01,0.99
17204,2020-21,District,King,17916,Impact | Salish Sea Elementary,106254,128,71,0,57,0,16,85,12,1,3,11,53,0,0,75,0,0,5,0,2,75,128,128,53,128,128,123,128,126,0.59,0.41,0.00,1.00
17218,2020-21,District,Ferry,10070,Inchelium School District,100109,227,117,0,110,182,0,0,2,1,31,11,100,1,0,185,9,0,18,1,25,127,226,227,42,218,227,209,226,202,0.82,0.19,0.00,1.00
17227,2020-21,District,Snohomish,31063,Index Elementary School District 63,100110,28,14,0,14,1,0,0,1,2,0,24,0,0,0,10,0,0,5,1,6,28,28,28,18,28,28,23,27,22,0.36,0.64,0.00,1.00
17232,2020-21,District,Walla Walla,36901,Innovation Schools,106019,51,26,0,25,0,0,0,20,0,1,30,7,0,0,20,1,0,4,3,14,44,51,51,31,50,51,47,48,37,0.39,0.61,0.00,1.00
17245,2020-21,District,King,17411,Issaquah School District,100111,20328,9971,0,10357,37,6697,424,1863,37,1730,9540,1606,1095,120,1928,3,120,409,1457,1731,18722,19233,20208,18400,20325,20208,19919,18871,18597,0.09,0.91,0.01,0.99
17260,2020-21,District,Franklin,11056,Kahlotus School District,100112,37,20,0,17,0,0,0,9,0,2,26,0,0,5,1,0,0,2,1,7,37,37,32,36,37,37,35,36,30,0.03,0.97,0.14,0.86
17274,2020-21,District,Cowlitz,8402,Kalama School District,100113,1039,502,0,537,10,8,11,116,6,16,872,40,68,13,351,0,2,23,63,186,999,971,1026,688,1039,1037,1016,976,853,0.34,0.66,0.01,0.99
17283,2020-21,District,Ferry,10003,Keller School District,100114,36,16,0,20,33,0,0,1,0,0,2,0,0,3,32,0,1,0,0,3,36,36,33,4,36,35,36,36,33,0.89,0.11,0.08,0.92
17298,2020-21,District,Cowlitz,8458,Kelso School District,100115,4716,2256,1,2459,66,50,15,856,73,318,3338,304,308,153,2893,21,38,209,163,729,4412,4408,4563,1823,4695,4678,4507,4553,3987,0.61,0.39,0.03,0.97
17313,2020-21,District,Benton,3017,Kennewick School District,100116,18539,9015,8,9516,54,348,349,7211,62,896,9618,2539,581,161,10463,2050,116,600,434,1515,16000,17958,18378,8076,16489,18423,17939,18105,17024,0.56,0.44,0.01,0.99
17329,2020-21,District,King,17415,Kent School District,100117,25739,12457,5,13277,73,5524,3315,5956,740,2487,7643,5674,2139,271,13509,24,128,631,1166,2989,20065,23600,25468,12230,25715,25611,25108,24573,22750,0.52,0.48,0.01,0.99
17345,2020-21,District,Stevens,33212,Kettle Falls School District,100118,1136,572,2,562,20,17,8,101,3,87,900,9,45,24,533,4,11,89,62,161,1127,1091,1112,603,1132,1125,1047,1074,975,0.47,0.53,0.02,0.98
17360,2020-21,District,Benton,3052,Kiona-Benton City School District,100119,1385,671,3,711,4,5,4,689,1,40,642,323,44,13,1016,220,9,69,18,192,1062,1341,1372,369,1165,1376,1316,1367,1193,0.73,0.27,0.01,0.99
17375,2020-21,District,Kittitas,19403,Kittitas School District,100120,648,316,1,331,0,5,6,153,0,5,479,51,0,8,316,10,2,30,13,96,597,648,640,332,638,646,618,635,552,0.49,0.51,0.01,0.99
17390,2020-21,District,Klickitat,20402,Klickitat School District,100121,73,34,0,39,2,0,0,3,0,6,62,0,0,0,49,0,1,2,0,9,73,73,73,24,73,72,71,73,64,0.67,0.33,0.00,1.00
17405,2020-21,District,Clark,6101,La Center School District,100122,1583,763,8,812,7,12,5,110,4,58,1387,37,99,20,379,0,16,54,93,231,1546,1484,1563,1204,1583,1567,1529,1490,1352,0.24,0.76,0.01,0.99
17420,2020-21,District,Skagit,29311,La Conner School District,100123,639,324,0,315,220,2,2,79,0,62,274,161,7,25,373,150,12,31,20,102,478,632,614,266,489,627,608,619,537,0.58,0.42,0.04,0.96
17435,2020-21,District,Whitman,38126,LaCrosse School District,100124,88,40,1,47,1,0,0,4,0,0,83,0,2,0,35,0,0,5,0,11,88,86,88,53,88,88,83,88,77,0.40,0.60,0.00,1.00
17450,2020-21,District,Chelan,4129,Lake Chelan School District,100125,1302,603,0,699,1,7,3,748,1,10,532,358,54,33,818,125,7,33,43,139,944,1248,1269,484,1177,1295,1269,1259,1163,0.63,0.37,0.03,0.97
17465,2020-21,District,Grays Harbor,14097,Lake Quinault School District,100211,208,95,0,113,39,0,0,89,0,6,74,44,0,41,207,1,0,18,0,32,164,208,167,1,207,208,190,208,176,1.00,0.00,0.20,0.80
17480,2020-21,District,Snohomish,31004,Lake Stevens School District,100126,9185,4411,1,4773,30,458,231,1456,41,869,6100,518,725,74,2273,5,356,253,591,1443,8667,8460,9111,6912,9180,8829,8932,8594,7742,0.25,0.75,0.01,0.99
17486,2020-21,District,King,17937,Lake Washington Institute of Technology,104276,737,314,21,402,4,56,47,132,4,39,454,0,0,1,0,0,11,41,0,0,737,737,736,737,737,726,696,737,737,0.00,1.00,0.00,1.00
17499,2020-21,District,King,17414,Lake Washington School District,100127,31139,14941,11,16187,56,10864,666,3283,32,2526,13712,3581,3643,185,3033,1,74,670,1995,3245,27558,27496,30954,28106,31138,31065,30469,29144,27894,0.10,0.90,0.01,0.99
17514,2020-21,District,Snohomish,31306,Lakewood School District,100128,2509,1174,0,1335,18,53,47,497,37,336,1521,181,91,75,1077,8,74,74,95,433,2328,2418,2434,1432,2501,2435,2435,2414,2076,0.43,0.57,0.03,0.97
17521,2020-21,District,Whitman,38264,Lamont School District,100129,41,21,0,20,0,0,0,4,0,1,36,0,4,1,21,0,2,4,1,8,41,37,40,20,41,39,37,40,33,0.51,0.49,0.02,0.98
17534,2020-21,District,Spokane,32362,Liberty School District,100130,565,267,0,298,3,4,4,38,0,26,490,0,23,0,179,1,10,28,9,66,565,542,565,386,564,555,537,556,499,0.32,0.68,0.00,1.00
17549,2020-21,District,Adams,1158,Lind School District,100131,205,100,0,105,0,1,1,70,0,0,133,25,0,13,149,29,0,8,4,24,180,205,192,56,176,205,197,201,181,0.73,0.27,0.06,0.94
17564,2020-21,District,Cowlitz,8122,Longview School District,100132,6355,3114,0,3241,97,132,74,1455,54,460,4083,441,313,186,4045,33,57,252,227,1199,5914,6042,6169,2310,6322,6298,6103,6128,5156,0.64,0.36,0.03,0.97
17575,2020-21,District,Stevens,33183,Loon Lake School District,100133,274,145,0,129,3,5,2,35,0,13,216,0,0,0,158,3,2,17,1,11,274,274,274,116,271,272,257,273,263,0.58,0.42,0.00,1.00
17590,2020-21,District,San Juan,28144,Lopez School District,100134,245,118,2,125,2,5,0,67,0,8,163,23,5,0,105,0,2,3,43,41,222,240,245,140,245,243,242,202,204,0.43,0.57,0.00,1.00
17597,2020-21,District,Spokane,32903,Lumen Public School,106257,31,30,0,1,0,0,2,0,1,3,23,0,0,0,23,0,0,3,0,7,31,31,31,8,31,31,28,31,24,0.74,0.26,0.00,1.00
17610,2020-21,District,Whatcom,37903,Lummi Tribal Agency,105800,348,153,0,195,305,0,2,10,1,24,6,0,0,0,282,6,0,11,0,27,348,348,348,66,342,348,337,348,321,0.81,0.19,0.00,1.00
17623,2020-21,District,Klickitat,20406,Lyle School District,100135,218,100,1,117,12,1,0,32,0,15,158,9,0,9,127,4,0,12,3,40,209,218,209,91,214,218,206,215,178,0.58,0.42,0.04,0.96
17638,2020-21,District,Whatcom,37504,Lynden School District,100136,3310,1600,1,1709,16,108,38,827,11,147,2163,357,91,34,922,50,20,105,137,505,2953,3219,3276,2388,3260,3290,3205,3173,2805,0.28,0.72,0.01,0.99
17653,2020-21,District,Yakima,39120,Mabton School District,100137,838,410,3,425,3,0,0,813,2,0,19,358,0,33,776,249,3,14,6,95,480,838,805,62,589,835,824,832,743,0.93,0.07,0.04,0.96
17667,2020-21,District,Douglas,9207,Mansfield School District,100138,98,49,0,49,1,0,2,31,0,1,63,7,0,0,56,6,0,5,2,10,91,98,98,42,92,98,93,96,88,0.57,0.43,0.00,1.00
17682,2020-21,District,Chelan,4019,Manson School District,100139,648,320,0,328,7,0,2,416,0,3,220,202,17,23,434,53,0,21,7,89,446,631,625,214,595,648,627,641,559,0.67,0.33,0.04,0.96
17697,2020-21,District,Mason,23311,Mary M Knight School District,100140,2212,1137,0,1075,15,47,81,246,11,225,1587,27,3,2,425,2,84,348,107,321,2185,2209,2210,1787,2210,2128,1864,2105,1891,0.19,0.81,0.00,1.00
17712,2020-21,District,Stevens,33207,Mary Walker School District,100141,438,200,0,238,52,1,3,43,0,43,296,6,15,24,350,5,0,35,9,83,432,423,414,88,433,438,403,429,355,0.80,0.20,0.05,0.95
17727,2020-21,District,Snohomish,31025,Marysville School District,100142,10327,5021,14,5292,581,669,214,2634,114,1137,4978,1295,443,244,5173,183,217,368,283,1774,9032,9884,10083,5154,10144,10110,9959,10044,8553,0.50,0.50,0.02,0.98
17739,2020-21,District,Grays Harbor,14065,McCleary School District,100143,294,134,4,156,1,2,3,19,3,9,257,0,14,14,145,0,11,11,4,72,294,280,280,149,294,283,283,290,222,0.49,0.51,0.05,0.95
17754,2020-21,District,Spokane,32354,Mead School District,100144,10288,5062,3,5223,66,137,131,752,108,859,8235,304,886,348,2510,3,235,214,145,1457,9984,9402,9940,7778,10285,10053,10074,10143,8831,0.24,0.76,0.03,0.97
17769,2020-21,District,Spokane,32326,Medical Lake School District,100145,1826,828,0,998,6,21,55,221,8,155,1360,13,34,25,670,0,628,88,111,237,1813,1792,1801,1156,1826,1198,1738,1715,1589,0.37,0.63,0.01,0.99
17784,2020-21,District,King,17400,Mercer Island School District,100146,4200,1962,5,2233,2,998,37,226,5,509,2423,148,625,12,149,1,18,77,347,444,4052,3575,4188,4051,4199,4182,4123,3853,3756,0.04,0.96,0.00,1.00
17799,2020-21,District,Whatcom,37505,Meridian School District,100147,1844,900,0,944,27,100,14,379,5,116,1203,221,76,26,614,37,15,97,56,214,1623,1768,1818,1230,1807,1829,1747,1788,1630,0.33,0.67,0.01,0.99
17814,2020-21,District,Okanogan,24350,Methow Valley School District,100148,704,333,0,371,3,1,2,60,0,29,607,25,114,15,246,0,2,8,13,91,679,590,689,458,704,702,696,691,613,0.35,0.65,0.02,0.98
17829,2020-21,District,Skamania,30031,Mill A School District,100149,59,29,1,29,6,0,0,6,2,1,44,0,4,6,21,6,1,5,0,9,59,55,53,38,53,58,54,59,50,0.36,0.64,0.10,0.90
17844,2020-21,District,Snohomish,31103,Monroe School District,100150,6267,3088,3,3176,38,129,88,1530,12,379,4091,638,199,119,1857,9,46,212,243,801,5629,6068,6148,4410,6258,6221,6055,6024,5466,0.30,0.70,0.02,0.98
17860,2020-21,District,Grays Harbor,14066,Montesano School District,100151,1407,669,0,738,26,18,7,158,0,116,1082,25,98,15,507,1,8,41,58,220,1382,1309,1392,900,1406,1399,1366,1349,1187,0.36,0.64,0.01,0.99
17875,2020-21,District,Lewis,21214,Morton School District,100152,328,150,0,178,1,4,3,41,0,30,249,0,5,21,193,1,9,21,18,53,328,323,307,135,327,319,307,310,275,0.59,0.41,0.06,0.94
17890,2020-21,District,Grant,13161,Moses Lake School District,100153,8303,4113,0,4190,19,81,92,4205,7,225,3674,1184,313,69,5433,313,48,272,210,1092,7119,7990,8234,2870,7990,8255,8031,8093,7211,0.65,0.35,0.01,0.99
17905,2020-21,District,Lewis,21206,Mossyrock School District,100154,552,263,1,288,7,1,3,131,5,4,401,48,10,3,314,40,0,15,5,101,504,542,549,238,512,552,537,547,451,0.57,0.43,0.01,0.99
17920,2020-21,District,Yakima,39209,Mount Adams School District,100155,865,424,0,441,447,0,3,313,1,57,44,452,9,266,861,105,0,24,38,119,413,856,599,4,760,865,841,827,746,1.00,0.00,0.31,0.69
17935,2020-21,District,Whatcom,37507,Mount Baker School District,100156,1725,843,0,882,86,14,11,232,2,139,1241,122,29,86,949,30,11,69,66,346,1603,1696,1639,776,1695,1714,1656,1659,1379,0.55,0.45,0.05,0.95
17946,2020-21,District,Skamania,30029,Mount Pleasant School District,100157,67,35,0,32,0,0,0,7,0,2,58,0,0,2,13,0,2,3,0,8,67,67,65,54,67,65,64,67,59,0.19,0.81,0.03,0.97
17960,2020-21,District,Skagit,29320,Mount Vernon School District,100158,6604,3268,1,3335,35,127,56,3724,54,153,2455,1593,307,143,4146,1197,116,188,302,983,5011,6297,6461,2458,5407,6488,6416,6302,5621,0.63,0.37,0.02,0.98
17975,2020-21,District,King,17903,Muckleshoot Indian Tribe,105771,574,290,1,283,449,0,0,91,0,28,6,0,0,0,422,24,0,5,0,154,574,574,574,152,550,574,569,574,420,0.74,0.26,0.00,1.00
17989,2020-21,District,Snohomish,31006,Mukilteo School District,100159,15263,7331,3,7929,57,2259,1313,4414,175,1542,5503,3188,1055,78,7512,15,62,452,386,2186,12075,14208,15185,7751,15248,15201,14811,14877,13077,0.49,0.51,0.01,0.99
18004,2020-21,District,Yakima,39003,Naches Valley School District,100160,1230,603,0,627,7,3,8,321,0,28,863,80,84,6,631,89,6,43,64,173,1150,1146,1224,599,1141,1224,1187,1166,1057,0.51,0.49,0.00,1.00
18019,2020-21,District,Lewis,21014,Napavine School District,100161,793,364,0,429,3,5,5,120,1,50,609,20,42,12,346,3,7,30,1,90,773,751,781,447,790,786,763,792,703,0.44,0.56,0.02,0.98
18034,2020-21,District,Pacific,25155,Naselle-Grays River Valley School District,100162,367,150,0,217,3,4,22,44,2,21,271,21,16,20,193,41,4,40,10,74,346,351,347,174,326,363,327,357,293,0.53,0.47,0.05,0.95
18045,2020-21,District,Okanogan,24014,Nespelem School District #14,100163,147,67,0,80,125,0,0,4,0,14,4,94,1,1,138,17,0,4,0,34,53,146,146,9,130,147,143,147,113,0.94,0.06,0.01,0.99
18060,2020-21,District,Pend Oreille,26056,Newport School District,100164,962,449,0,513,14,4,5,58,3,58,820,0,60,2,626,0,14,54,54,179,962,902,960,336,962,948,908,908,783,0.65,0.35,0.00,1.00
18075,2020-21,District,Spokane,32325,Nine Mile Falls School District,100165,1341,601,0,740,11,6,9,97,9,70,1139,7,39,24,365,1,29,45,15,204,1334,1302,1317,976,1340,1312,1296,1326,1137,0.27,0.73,0.02,0.98
18090,2020-21,District,Whatcom,37506,Nooksack Valley School District,100166,1923,913,0,1010,71,19,7,686,6,100,1034,282,13,55,1056,80,14,82,85,364,1641,1910,1868,867,1843,1909,1841,1838,1559,0.55,0.45,0.03,0.97
18105,2020-21,District,Grays Harbor,14064,North Beach School District No. 64,100167,751,364,0,387,95,17,11,98,1,85,444,51,20,102,551,30,11,42,6,127,700,731,649,200,721,740,709,745,624,0.73,0.27,0.14,0.86
18120,2020-21,District,Franklin,11051,North Franklin School District,100168,2069,991,6,1072,0,23,3,1521,0,17,505,775,58,7,1599,526,4,60,39,316,1294,2011,2062,470,1543,2065,2009,2030,1753,0.77,0.23,0.00,1.00
18135,2020-21,District,Kitsap,18400,North Kitsap School District,100169,5521,2728,1,2792,275,171,60,870,34,640,3471,210,553,45,1817,36,623,175,222,863,5311,4968,5476,3704,5485,4898,5346,5299,4658,0.33,0.67,0.01,0.99
18150,2020-21,District,Mason,23403,North Mason School District,100170,2263,1072,1,1190,21,21,9,607,9,160,1436,354,89,200,1244,5,143,77,103,396,1909,2174,2063,1019,2258,2120,2186,2160,1867,0.55,0.45,0.09,0.91
18165,2020-21,District,Pacific,25200,North River School District,100171,68,32,0,36,1,0,0,20,0,4,43,0,0,0,41,5,0,7,0,9,68,68,68,27,63,68,61,68,59,0.60,0.40,0.00,1.00
18180,2020-21,District,Thurston,34003,North Thurston Public Schools,100172,14753,7094,4,7655,131,1076,725,3165,400,2352,6904,868,402,377,6307,30,2761,475,701,2298,13885,14351,14376,8446,14723,11992,14278,14052,12455,0.43,0.57,0.03,0.97
18195,2020-21,District,Stevens,33211,Northport School District,100173,274,126,1,147,5,6,4,19,2,4,234,0,9,27,153,0,4,10,1,25,274,265,247,121,274,270,264,273,249,0.56,0.44,0.10,0.90
18211,2020-21,District,King,17417,Northshore School District,100174,23414,11360,38,12016,53,5466,474,2984,31,2129,12277,2162,4817,72,2666,3,19,400,1935,2989,21252,18597,23342,20748,23411,23395,23014,21479,20425,0.11,0.89,0.00,1.00
18226,2020-21,District,Island,15201,Oak Harbor School District,100175,5866,2817,9,3040,23,340,239,1079,45,727,3413,233,487,173,2202,19,2365,264,224,1069,5633,5379,5693,3664,5847,3501,5602,5642,4797,0.38,0.62,0.03,0.97
18241,2020-21,District,Whitman,38324,Oakesdale School District,100176,153,75,0,78,0,0,0,6,0,7,140,0,3,0,53,0,0,0,0,19,153,150,153,100,153,153,153,153,134,0.35,0.65,0.00,1.00
18256,2020-21,District,Grays Harbor,14400,Oakville School District,100177,290,145,0,145,74,0,0,37,1,33,145,47,16,21,221,2,3,13,13,63,243,274,269,69,288,287,277,277,227,0.76,0.24,0.07,0.93
18271,2020-21,District,Pacific,25101,Ocean Beach School District,100178,1046,512,0,534,10,7,2,180,1,55,790,46,42,164,693,47,46,44,46,256,1000,1004,882,353,999,1000,1002,1000,790,0.66,0.34,0.16,0.84
18286,2020-21,District,Grays Harbor,14172,Ocosta School District,100179,621,292,0,329,22,1,1,149,1,66,381,56,1,156,496,36,11,34,21,86,565,620,465,125,585,610,587,600,535,0.80,0.20,0.25,0.75
18301,2020-21,District,Lincoln,22105,Odessa School District,100180,225,104,0,121,2,2,4,22,0,4,191,0,7,0,91,0,2,2,29,24,225,218,225,134,225,223,223,196,201,0.40,0.60,0.00,1.00
18311,2020-21,District,Thurston,34974,Office of the Governor (Sch for Blind),103312,55,25,0,30,3,5,0,10,1,6,30,7,0,3,25,0,0,1,0,54,48,55,52,30,55,55,54,55,1,0.45,0.55,0.05,0.95
18324,2020-21,District,Okanogan,24105,Okanogan School District,100181,1112,516,6,590,92,1,6,322,0,81,610,88,47,29,739,52,2,49,42,174,1024,1065,1083,373,1060,1110,1063,1070,938,0.66,0.34,0.03,0.97
18339,2020-21,District,Thurston,34111,Olympia School District,100182,9829,4638,29,5162,52,736,282,1271,51,1158,6278,207,353,91,2973,26,478,271,444,1474,9622,9476,9738,6856,9803,9351,9558,9385,8355,0.30,0.70,0.01,0.99
18354,2020-21,District,Okanogan,24019,Omak School District,100183,8515,4290,21,4204,355,253,324,989,50,398,6146,320,58,41,4245,33,154,617,195,1166,8195,8457,8474,4270,8482,8361,7898,8320,7349,0.50,0.50,0.00,1.00
18369,2020-21,District,Lewis,21300,Onalaska School District,100184,836,401,0,435,3,2,0,94,1,45,691,26,32,1,486,3,10,34,18,133,810,804,835,350,833,826,802,818,703,0.58,0.42,0.00,1.00
18380,2020-21,District,Stevens,33030,Onion Creek School District,100185,44,22,0,22,0,0,0,2,0,0,42,0,2,0,25,0,0,2,1,3,44,42,44,19,44,44,42,43,41,0.57,0.43,0.00,1.00
18394,2020-21,District,San Juan,28137,Orcas Island School District,100186,795,410,3,382,6,13,2,110,2,64,598,35,38,9,242,0,14,48,11,107,760,757,786,553,795,781,747,784,688,0.30,0.70,0.01,0.99
18404,2020-21,District,Spokane,32123,Orchard Prairie School District,100187,80,41,0,39,2,0,1,4,0,1,72,4,0,0,6,0,0,1,0,6,76,80,80,74,80,80,79,80,74,0.08,0.93,0.00,1.00
18415,2020-21,District,Ferry,10065,Orient School District,100188,55,23,0,32,0,0,0,1,0,3,51,0,1,0,35,0,0,6,0,10,55,54,55,20,55,55,49,55,45,0.64,0.36,0.00,1.00
18426,2020-21,District,Douglas,9013,Orondo School District,100189,180,101,0,79,0,0,0,144,0,1,35,65,0,75,143,28,0,6,0,17,115,180,105,37,152,180,174,180,163,0.79,0.21,0.42,0.58
18441,2020-21,District,Okanogan,24410,Oroville School District,100190,537,264,2,271,4,4,1,206,0,16,306,64,10,2,418,21,4,21,23,84,473,527,535,119,516,533,516,514,453,0.78,0.22,0.00,1.00
18456,2020-21,District,Pierce,27344,Orting School District,100191,2509,1173,6,1330,21,42,41,361,18,248,1777,66,107,44,776,0,79,69,132,425,2443,2402,2465,1733,2509,2430,2440,2377,2084,0.31,0.69,0.02,0.98
18472,2020-21,District,Adams,1147,Othello School District,100192,4676,2241,0,2435,3,16,4,4264,1,22,366,1796,135,21,3721,594,18,92,108,646,2880,4541,4655,955,4082,4658,4584,4568,4030,0.80,0.20,0.00,1.00
18481,2020-21,District,Douglas,9102,Palisades School District,100193,30,10,0,20,0,0,0,23,0,0,7,10,0,0,22,6,0,0,0,6,20,30,30,8,24,30,30,30,24,0.73,0.27,0.00,1.00
18495,2020-21,District,Whitman,38301,Palouse School District,100194,178,94,0,84,1,2,0,5,0,13,157,0,0,1,59,0,0,3,9,22,178,178,177,119,178,178,175,169,156,0.33,0.67,0.01,0.99
18510,2020-21,District,Franklin,11001,Pasco School District,100195,18731,9220,4,9507,19,219,166,13679,48,509,4091,6270,2177,277,13122,1253,85,443,304,2445,12461,16554,18454,5609,17478,18646,18288,18427,16286,0.70,0.30,0.01,0.99
18525,2020-21,District,Okanogan,24122,Pateros School District,100196,302,135,0,167,4,4,1,173,0,8,112,38,15,8,222,42,0,8,0,50,264,287,294,80,260,302,294,302,252,0.74,0.26,0.03,0.97
18536,2020-21,District,Benton,3050,Paterson School District,100197,138,61,0,77,0,0,1,60,0,0,77,22,0,0,138,14,0,3,0,24,116,138,138,0,124,138,135,138,114,1.00,0.00,0.00,1.00
18550,2020-21,District,Lewis,21301,Pe Ell School District,100198,271,132,0,139,5,1,0,13,0,21,231,0,4,32,162,0,9,11,15,51,271,267,239,109,271,262,260,256,220,0.60,0.40,0.12,0.88
18565,2020-21,District,Pierce,27401,Peninsula School District,100199,8693,4249,3,4441,26,175,77,871,13,959,6572,178,765,214,1770,0,440,280,409,1185,8515,7928,8479,6923,8693,8253,8413,8284,7508,0.20,0.80,0.02,0.98
18576,2020-21,District,Mason,23402,Pioneer School District,100200,661,301,0,360,11,3,5,102,1,47,492,25,28,25,428,0,12,19,39,121,636,633,636,233,661,649,642,622,540,0.65,0.35,0.04,0.96
18591,2020-21,District,Garfield,12110,Pomeroy School District,100201,362,188,1,173,0,4,3,30,0,9,316,3,0,0,165,2,5,13,3,55,359,362,362,197,360,357,349,359,307,0.46,0.54,0.00,1.00
18606,2020-21,District,Clallam,5121,Port Angeles School District,100202,3491,1652,7,1832,182,59,25,350,7,378,2490,54,443,84,1849,0,38,131,134,614,3437,3048,3407,1642,3491,3453,3360,3357,2877,0.53,0.47,0.02,0.98
18621,2020-21,District,Jefferson,16050,Port Townsend School District,100203,1153,567,4,582,12,18,9,104,1,85,924,32,80,10,552,0,13,51,64,181,1121,1073,1143,601,1153,1140,1102,1089,972,0.48,0.52,0.01,0.99
18636,2020-21,District,Walla Walla,36402,Prescott School District,100204,258,113,0,145,0,0,0,195,0,2,61,24,1,0,230,14,0,16,0,32,234,257,258,28,244,258,242,258,226,0.89,0.11,0.00,1.00
18646,2020-21,District,Spokane,32907,PRIDE Prep Charter School District,105675,722,323,11,388,26,11,39,85,3,59,499,0,0,0,420,0,0,3,36,127,722,722,722,302,722,722,719,686,595,0.58,0.42,0.00,1.00
18659,2020-21,District,Benton,3116,Prosser School District,100205,2545,1261,0,1284,18,28,7,1674,2,66,750,546,61,84,1867,592,17,92,70,358,1999,2484,2461,678,1953,2528,2453,2475,2187,0.73,0.27,0.03,0.97
18674,2020-21,District,Whitman,38267,Pullman School District,100206,2635,1285,4,1346,21,216,85,327,10,199,1777,144,136,27,785,0,13,112,155,362,2491,2499,2608,1850,2635,2622,2523,2480,2273,0.30,0.70,0.01,0.99
18690,2020-21,District,Pierce,27003,Puyallup School District,100207,22488,10818,3,11667,230,1352,1211,4151,518,2995,12031,1302,1288,284,8571,10,823,788,1520,2836,21186,21200,22204,13917,22478,21665,21700,20968,19652,0.38,0.62,0.01,0.99
18701,2020-21,District,Jefferson,16020,Queets-Clearwater School District,100208,28,15,0,13,21,0,0,3,0,4,0,0,0,0,28,7,0,0,1,5,28,28,28,0,21,28,28,27,23,1.00,0.00,0.00,1.00
18715,2020-21,District,Jefferson,16048,Quilcene School District,100209,651,328,2,321,5,7,5,32,1,56,545,2,4,0,197,0,11,27,12,54,649,647,651,454,651,640,624,639,597,0.30,0.70,0.00,1.00
18730,2020-21,District,Clallam,5903,Quileute Tribal School District,105979,131,57,0,74,74,0,3,25,0,6,23,0,0,1,92,0,0,11,0,31,131,131,130,39,131,131,120,131,100,0.70,0.30,0.01,0.99
18744,2020-21,District,Clallam,5402,Quillayute Valley School District,100210,3378,1796,1,1581,69,50,117,799,15,307,2021,225,28,36,1689,72,56,284,244,593,3153,3350,3342,1689,3306,3322,3094,3134,2785,0.50,0.50,0.01,0.99
18759,2020-21,District,Grant,13144,Quincy School District,100212,3052,1552,2,1498,0,11,9,2681,0,13,337,1249,169,71,2474,358,0,80,116,432,1803,2883,2981,578,2694,3052,2972,2936,2620,0.81,0.19,0.02,0.98
18766,2020-21,District,King,17908,Rainier Prep Charter School District,105732,346,165,0,181,0,25,171,120,0,13,17,78,0,7,256,0,1,3,6,36,268,346,339,90,346,345,343,340,310,0.74,0.26,0.02,0.98
18779,2020-21,District,Thurston,34307,Rainier School District,100213,891,413,0,478,6,4,4,91,3,84,699,0,17,13,373,0,87,37,23,144,891,874,878,518,891,804,854,868,747,0.42,0.58,0.01,0.99
18788,2020-21,District,King,17910,Rainier Valley Leadership Academy,106046,158,76,0,82,0,3,113,23,0,15,4,19,0,0,123,0,1,0,4,37,139,158,158,35,158,157,158,154,121,0.78,0.22,0.00,1.00
18801,2020-21,District,Pacific,25116,Raymond School District,100214,567,266,3,298,7,24,2,164,1,15,354,69,20,58,365,4,1,29,7,95,498,547,509,202,563,566,538,560,472,0.64,0.36,0.10,0.90
18816,2020-21,District,Lincoln,22009,Reardan-Edwall School District,100215,701,337,0,364,27,2,2,25,0,34,611,12,5,2,307,1,32,16,15,91,689,696,699,394,700,669,685,686,610,0.44,0.56,0.00,1.00
18831,2020-21,District,King,17403,Renton School District,100216,15612,7523,60,8029,65,3914,2311,4022,176,1559,3565,2999,1347,437,7572,17,71,372,648,2353,12613,14265,15175,8040,15595,15541,15240,14964,13259,0.49,0.52,0.03,0.97
18847,2020-21,District,Ferry,10309,Republic School District,100217,407,178,2,227,14,6,0,23,0,28,336,0,0,8,244,0,4,19,4,54,407,407,399,163,407,403,388,403,353,0.60,0.40,0.02,0.98
18862,2020-21,District,Benton,3400,Richland School District,100218,13671,6586,5,7080,59,521,208,2801,24,696,9362,750,843,61,5379,134,91,479,822,1672,12921,12828,13610,8292,13537,13580,13192,12849,11999,0.39,0.61,0.00,1.00
18878,2020-21,District,Clark,6122,Ridgefield School District,100219,3386,1688,0,1698,10,70,25,466,8,229,2578,97,266,40,797,15,62,144,149,398,3289,3120,3346,2589,3371,3324,3242,3237,2988,0.24,0.76,0.01,0.99
18893,2020-21,District,Adams,1160,Ritzville School District,100220,346,163,0,183,7,7,1,39,1,8,283,0,0,11,173,1,0,15,7,30,346,346,335,173,345,346,331,339,316,0.50,0.50,0.03,0.97
18908,2020-21,District,Spokane,32416,Riverside School District,100221,1470,682,13,775,19,8,7,83,1,64,1288,9,41,30,710,0,17,50,30,235,1461,1429,1440,760,1470,1453,1420,1440,1235,0.48,0.52,0.02,0.98
18923,2020-21,District,King,17407,Riverview School District,100222,3107,1516,8,1583,8,115,25,437,2,163,2357,188,36,7,420,3,24,81,196,350,2919,3071,3100,2687,3104,3083,3026,2911,2757,0.14,0.86,0.00,1.00
18938,2020-21,District,Thurston,34401,Rochester School District,100223,2192,1020,1,1171,80,13,11,511,7,178,1392,220,152,89,1158,21,41,91,109,329,1972,2040,2103,1034,2171,2151,2101,2083,1863,0.53,0.47,0.04,0.96
18947,2020-21,District,Klickitat,20403,Roosevelt School District,100224,35,18,0,17,0,0,0,24,0,0,11,18,0,1,0,6,0,1,0,6,17,35,34,35,29,35,34,35,29,0.00,1.00,0.03,0.97
18961,2020-21,District,Whitman,38320,Rosalia School District,100225,184,98,0,86,1,1,0,7,0,8,167,0,2,20,116,0,0,14,1,31,184,182,164,68,184,184,170,183,153,0.63,0.37,0.11,0.89
18976,2020-21,District,Grant,13160,Royal School District,100226,1788,886,0,902,1,1,0,1458,0,5,323,838,100,95,844,145,2,45,78,250,950,1688,1693,944,1643,1786,1743,1710,1538,0.47,0.53,0.05,0.95
18991,2020-21,District,San Juan,28149,San Juan Island School District,100227,780,395,3,382,7,8,3,164,0,38,560,58,3,0,270,11,3,15,8,152,722,777,780,510,769,777,765,772,628,0.35,0.65,0.00,1.00
19000,2020-21,District,Grays Harbor,14104,Satsop School District,100228,52,25,2,25,0,0,0,12,0,5,35,0,0,0,26,0,1,3,1,9,52,52,52,26,52,51,49,51,43,0.50,0.50,0.00,1.00
19014,2020-21,District,King,17001,Seattle School District No. 1,100229,53997,26036,192,27769,221,7087,8116,7071,221,6612,24668,6760,4965,1990,17577,140,232,947,1390,8024,47237,49032,52007,36420,53857,53765,53050,52607,45973,0.33,0.67,0.04,0.96
19029,2020-21,District,Skagit,29101,Sedro-Woolley School District,100230,4372,2147,1,2224,88,27,24,1004,13,230,2985,380,89,205,2254,135,77,174,199,820,3992,4283,4167,2118,4237,4295,4198,4173,3552,0.52,0.48,0.05,0.95
19044,2020-21,District,Yakima,39119,Selah School District,100231,3703,1804,6,1893,11,12,16,1256,4,126,2278,349,257,37,1998,142,59,128,79,491,3354,3446,3666,1705,3561,3644,3575,3624,3212,0.54,0.46,0.01,0.99
19059,2020-21,District,Pend Oreille,26070,Selkirk School District,100232,236,108,0,128,0,4,1,15,0,8,208,0,0,19,126,0,3,17,2,61,236,236,217,110,236,233,219,234,175,0.53,0.47,0.08,0.92
19074,2020-21,District,Clallam,5323,Sequim School District,100233,2576,1228,0,1348,48,38,12,344,5,192,1937,38,237,40,1115,2,26,97,85,394,2538,2339,2536,1461,2574,2550,2479,2491,2182,0.43,0.57,0.02,0.98
19082,2020-21,District,San Juan,28010,Shaw Island School District,100234,8,4,0,4,0,0,0,0,0,0,8,0,0,0,0,0,0,0,0,0,8,8,8,8,8,8,8,8,8,0.00,1.00,0.00,1.00
19096,2020-21,District,Mason,23309,Shelton School District,100235,4379,2097,16,2266,151,18,20,1607,5,331,2247,882,83,251,2987,124,34,161,236,655,3497,4296,4128,1392,4255,4345,4218,4143,3724,0.68,0.32,0.06,0.94
19111,2020-21,District,King,17412,Shoreline School District,100236,9551,4603,1,4947,32,1249,790,1319,58,1188,4915,920,1056,139,2504,0,62,141,730,1138,8631,8495,9412,7047,9551,9489,9410,8821,8413,0.26,0.74,0.01,0.99
19123,2020-21,District,Skamania,30002,Skamania School District,100237,58,37,0,21,0,0,0,10,0,2,46,0,2,0,23,0,0,2,0,8,58,56,58,35,58,58,56,58,50,0.40,0.60,0.00,1.00
19135,2020-21,District,King,17404,Skykomish School District,100238,54,24,0,30,2,0,0,2,0,5,45,0,7,0,33,0,0,3,2,19,54,47,54,21,54,54,51,52,35,0.61,0.39,0.00,1.00
19150,2020-21,District,Snohomish,31201,Snohomish School District,100239,9416,4583,18,4815,57,515,121,1192,18,686,6827,417,1978,91,1776,59,106,192,478,1258,8999,7438,9325,7640,9357,9310,9224,8938,8158,0.19,0.81,0.01,0.99
19165,2020-21,District,King,17410,Snoqualmie Valley School District,100240,7026,3389,0,3637,37,557,76,626,14,477,5239,253,390,24,677,0,62,162,540,773,6773,6636,7002,6349,7026,6964,6864,6486,6253,0.10,0.90,0.00,1.00
19180,2020-21,District,Grant,13156,Soap Lake School District,100241,550,269,0,281,5,1,3,226,0,1,314,96,2,36,507,27,2,24,6,93,454,548,514,43,523,548,526,544,457,0.92,0.08,0.07,0.93
19195,2020-21,District,Pacific,25118,South Bend School District,100242,655,329,4,322,15,17,1,265,1,63,293,88,1,23,434,3,5,30,16,82,567,654,632,221,652,650,625,639,573,0.66,0.34,0.04,0.96
19210,2020-21,District,Kitsap,18402,South Kitsap School District,100244,10181,4977,1,5203,114,259,191,1305,162,1237,6913,277,813,79,3327,3,931,494,510,1590,9904,9368,10102,6854,10178,9250,9687,9671,8591,0.33,0.67,0.01,0.99
19225,2020-21,District,Island,15206,South Whidbey School District,100245,1256,646,1,609,8,21,9,104,3,100,1011,8,59,85,355,1,18,40,53,200,1248,1197,1171,901,1255,1238,1216,1203,1056,0.28,0.72,0.07,0.93
19235,2020-21,District,Mason,23042,Southside School District,100246,203,104,0,99,11,0,1,21,0,26,144,0,12,26,85,0,7,8,0,32,203,191,177,118,203,196,195,203,171,0.42,0.58,0.13,0.87
19245,2020-21,District,Spokane,32901,Spokane International Academy,105813,599,321,2,276,13,12,15,69,1,95,394,0,0,0,298,0,4,25,1,69,599,599,599,301,599,595,574,598,530,0.50,0.50,0.00,1.00
19259,2020-21,District,Spokane,32081,Spokane School District,100247,29036,14098,16,14922,325,640,935,3346,652,3933,19203,1926,1103,1049,17174,62,440,821,748,4853,27110,27933,27987,11862,28974,28596,28215,28288,24183,0.59,0.41,0.04,0.96
19270,2020-21,District,Lincoln,22008,Sprague School District,100248,79,36,0,43,1,0,2,3,0,2,71,0,3,0,38,0,4,6,3,13,79,76,79,41,79,75,73,76,66,0.48,0.52,0.00,1.00
19282,2020-21,District,Whitman,38322,St. John School District,100249,144,67,0,77,3,0,3,16,0,6,116,1,0,0,66,0,0,2,0,17,143,144,144,78,144,144,142,144,127,0.46,0.54,0.00,1.00
19297,2020-21,District,Snohomish,31401,Stanwood-Camano School District,100250,4647,2243,0,2404,39,56,38,517,16,312,3669,125,135,113,1399,11,113,158,239,724,4522,4512,4534,3248,4636,4534,4489,4408,3923,0.30,0.70,0.02,0.98
19305,2020-21,District,Franklin,11054,Star School District No. 054,100251,15,7,0,8,0,0,2,6,0,0,7,2,0,0,0,0,0,2,0,0,13,15,15,15,15,15,13,15,15,0.00,1.00,0.00,1.00
19315,2020-21,District,Columbia,7035,Starbuck School District,100252,20,9,0,11,0,0,3,3,0,0,14,0,0,0,5,0,0,0,0,2,20,20,20,15,20,20,20,20,18,0.25,0.75,0.00,1.00
19323,2020-21,District,Chelan,4069,Stehekin School District,100253,8,6,0,2,0,1,0,0,0,0,7,0,0,0,0,0,0,0,0,0,8,8,8,8,8,8,8,8,8,0.00,1.00,0.00,1.00
19336,2020-21,District,Pierce,27001,Steilacoom Hist. School District,100254,3192,1513,0,1679,11,239,244,605,31,549,1513,108,202,16,768,2,1087,98,129,432,3084,2990,3176,2424,3190,2105,3094,3063,2760,0.24,0.76,0.01,1.00
19347,2020-21,District,Whitman,38304,Steptoe School District,100255,68,37,1,30,0,0,0,2,0,1,65,0,1,0,0,0,3,2,0,6,68,67,68,68,68,65,66,68,62,0.00,1.00,0.00,1.00
19362,2020-21,District,Skamania,30303,Stevenson-Carson School District,100256,847,417,0,430,23,2,2,123,1,49,647,23,44,2,442,10,5,44,41,151,824,803,845,405,837,842,803,806,696,0.52,0.48,0.00,1.00
19377,2020-21,District,Snohomish,31311,Sultan School District,100257,1897,876,0,1021,16,46,39,431,8,80,1277,198,0,18,874,14,36,88,68,339,1699,1897,1879,1023,1883,1861,1809,1829,1558,0.46,0.54,0.01,0.99
19388,2020-21,District,King,17905,Summit Public School: Atlas,106018,509,197,2,310,3,13,145,81,2,63,194,0,0,3,217,0,0,9,13,82,509,509,506,292,509,509,500,496,427,0.43,0.57,0.01,0.99
19393,2020-21,District,Pierce,27905,Summit Public School: Olympus,105809,201,102,1,98,4,4,43,53,9,32,52,0,0,6,116,0,3,7,1,36,201,201,195,85,201,198,194,200,165,0.58,0.42,0.03,0.97
19398,2020-21,District,King,17902,Summit Public School: Sierra,105808,385,186,0,199,0,16,128,57,2,53,125,0,0,4,118,0,1,2,38,72,385,385,381,267,385,384,383,347,313,0.31,0.69,0.01,0.99
19407,2020-21,District,Stevens,33202,Summit Valley School District,100258,60,29,0,31,1,0,0,7,0,3,49,3,1,0,40,0,0,1,0,9,57,59,60,20,60,60,59,60,51,0.67,0.33,0.00,1.00
19422,2020-21,District,Pierce,27320,Sumner School District,100259,9907,4870,2,5035,51,233,139,1557,49,1115,6763,397,678,136,2852,1,203,294,481,1191,9510,9229,9771,7055,9906,9704,9613,9426,8716,0.29,0.71,0.01,0.99
19437,2020-21,District,Yakima,39201,Sunnyside School District,100260,6724,3295,0,3429,5,4,13,6233,0,52,417,1984,215,290,5006,1221,33,133,67,944,4740,6509,6434,1718,5503,6691,6591,6657,5780,0.74,0.26,0.04,0.96
19448,2020-21,District,Kitsap,18902,Suquamish Tribal Education Department,105768,90,47,0,43,54,1,0,6,0,21,8,0,0,0,41,4,0,1,5,20,90,90,90,49,86,90,89,85,70,0.46,0.54,0.00,1.00
19461,2020-21,District,Pierce,27010,Tacoma School District,100261,28752,14017,36,14699,280,2554,3777,6267,948,4592,10334,3060,1171,911,17968,14,492,1111,1022,4387,25692,27581,27841,10784,28738,28260,27641,27730,24365,0.62,0.38,0.03,0.97
19476,2020-21,District,Grays Harbor,14077,Taholah School District,100262,164,76,3,85,127,0,0,19,0,18,0,0,0,34,122,40,0,7,0,47,164,164,130,42,124,164,157,164,117,0.74,0.26,0.21,0.79
19491,2020-21,District,King,17409,Tahoma School District,100263,8779,4177,8,4594,29,620,206,988,61,983,5892,314,509,41,1280,2,103,208,569,1161,8465,8270,8738,7499,8777,8676,8571,8210,7618,0.15,0.85,0.00,1.00
19506,2020-21,District,Whitman,38265,Tekoa School District,100264,191,100,0,91,6,1,3,23,0,2,156,1,1,0,116,0,0,10,3,37,190,190,191,75,191,191,181,188,154,0.61,0.39,0.00,1.00
19521,2020-21,District,Thurston,34402,Tenino School District,100265,1280,575,0,705,17,7,10,118,1,70,1057,13,6,18,623,0,15,51,49,214,1267,1274,1262,657,1280,1265,1229,1231,1066,0.49,0.51,0.01,0.99
19536,2020-21,District,Kittitas,19400,Thorp School District,100266,226,117,1,108,0,4,2,23,0,5,192,2,1,0,97,0,9,8,0,33,224,225,226,129,226,217,218,226,193,0.43,0.57,0.00,1.00
19551,2020-21,District,Lewis,21237,Toledo School District,100267,799,369,1,429,16,3,9,77,1,31,662,12,20,116,404,3,3,40,3,152,787,779,683,395,796,796,759,796,647,0.51,0.49,0.15,0.85
19567,2020-21,District,Okanogan,24404,Tonasket School District,100268,1130,552,1,577,13,3,12,439,2,55,606,140,12,60,868,222,4,41,22,137,990,1118,1070,262,908,1126,1089,1108,993,0.77,0.23,0.05,0.95
19582,2020-21,District,Yakima,39202,Toppenish School District,100269,4533,2226,22,2285,444,10,30,3410,1,50,586,1512,241,70,3759,606,12,189,102,591,3021,4292,4463,774,3927,4521,4344,4431,3942,0.83,0.17,0.02,0.98
19597,2020-21,District,Walla Walla,36300,Touchet School District,100270,214,102,0,112,2,0,0,101,0,4,107,35,4,11,114,4,3,4,5,30,179,210,203,100,210,211,210,209,184,0.53,0.47,0.05,0.95
19612,2020-21,District,Cowlitz,8130,Toutle Lake School District,100271,672,329,0,343,5,2,2,36,1,37,589,0,33,18,288,0,3,29,24,123,672,639,654,384,672,669,643,648,549,0.43,0.57,0.03,0.97
19627,2020-21,District,Klickitat,20400,Trout Lake School District,100272,191,100,1,90,5,4,0,36,0,11,135,9,12,0,0,0,1,15,7,19,182,179,191,191,191,190,176,184,172,0.00,1.00,0.00,1.00
19641,2020-21,District,King,17406,Tukwila School District,100243,2763,1348,32,1383,25,720,554,884,117,165,298,1025,80,114,2079,0,4,70,40,334,1738,2683,2649,684,2763,2759,2693,2723,2429,0.75,0.25,0.04,0.96
19656,2020-21,District,Thurston,34033,Tumwater School District,100273,6261,3036,6,3219,31,168,108,854,31,673,4396,112,278,132,2015,2,279,253,191,825,6149,5983,6129,4246,6259,5982,6008,6070,5436,0.32,0.68,0.02,0.98
19667,2020-21,District,Yakima,39002,Union Gap School District,100274,568,259,0,309,3,3,1,466,0,9,86,152,5,12,530,25,3,15,16,78,416,563,556,38,543,565,553,552,490,0.93,0.07,0.02,0.98
19682,2020-21,District,Pierce,27083,University Place School District,100275,5680,2787,1,2892,24,525,534,934,72,963,2628,312,206,56,2038,0,339,111,252,609,5368,5474,5624,3642,5680,5341,5569,5428,5071,0.36,0.64,0.01,0.99
19697,2020-21,District,Stevens,33070,Valley School District,100277,1430,690,0,740,17,65,28,172,8,153,987,58,33,32,299,1,32,85,1,118,1372,1397,1398,1131,1429,1398,1345,1429,1312,0.21,0.79,0.02,0.98
19712,2020-21,District,Clark,6037,Vancouver School District,100278,21954,10729,0,11225,91,721,661,6118,540,1903,11920,3019,732,514,10723,51,202,659,691,3105,18935,21222,21440,11231,21903,21752,21295,21263,18849,0.49,0.51,0.02,0.98
19728,2020-21,District,King,17402,Vashon Island School District,100279,1522,740,1,781,4,27,6,201,2,142,1140,82,59,20,359,0,5,36,109,186,1440,1463,1502,1163,1522,1517,1486,1413,1336,0.24,0.76,0.01,0.99
19739,2020-21,District,Thurston,34901,WA HE LUT Indian School Agency,106074,135,63,0,72,93,0,2,21,0,19,0,0,9,9,133,0,4,3,0,21,135,126,126,2,135,131,132,135,114,0.99,0.01,0.07,0.93
19753,2020-21,District,Wahkiakum,35200,Wahkiakum School District,100280,487,225,0,262,3,4,2,53,2,32,391,17,14,37,277,0,11,19,10,95,470,473,450,210,487,476,468,477,392,0.57,0.43,0.08,0.92
19768,2020-21,District,Grant,13073,Wahluke School District,100281,2560,1224,0,1336,11,0,2,2486,1,4,56,1274,137,305,2423,1304,2,85,45,318,1286,2423,2255,137,1256,2558,2475,2515,2242,0.95,0.05,0.12,0.88
19783,2020-21,District,Walla Walla,36401,Waitsburg School District,100282,263,120,0,143,1,4,1,34,0,12,211,7,0,7,133,0,6,17,5,27,256,263,256,130,263,257,246,258,236,0.51,0.49,0.03,0.97
19798,2020-21,District,Walla Walla,36140,Walla Walla Public Schools,100283,5482,2698,6,2778,19,67,38,2289,5,204,2860,832,391,123,3062,80,50,192,232,809,4650,5091,5359,2420,5402,5432,5290,5250,4673,0.56,0.44,0.02,0.98
19813,2020-21,District,Yakima,39207,Wapato School District,100284,3284,1575,2,1707,663,61,0,2404,1,87,68,1511,155,146,2963,673,10,112,31,442,1773,3129,3138,321,2611,3274,3172,3253,2842,0.90,0.10,0.04,0.96
19828,2020-21,District,Grant,13146,Warden School District,100285,913,460,0,453,0,1,4,732,0,13,163,217,27,38,801,199,10,33,6,136,696,886,875,112,714,903,880,907,777,0.88,0.12,0.04,0.96
19843,2020-21,District,Thurston,34975,Washington Center for Deaf and Hard of Hearing Youth,103313,103,50,1,52,5,4,2,37,3,2,50,0,0,0,56,0,0,2,0,91,103,103,103,47,103,103,101,103,12,0.54,0.46,0.00,1.00
19850,2020-21,District,Thurston,34979,Washington Military Department,105554,42,17,0,25,1,1,2,17,3,4,14,0,0,0,42,1,0,42,2,4,42,42,42,0,41,42,0,40,38,1.00,0.00,0.00,1.00
19863,2020-21,District,Clark,6112,Washougal School District,100286,3026,1446,0,1580,12,28,23,353,1,205,2404,67,87,53,1121,2,41,122,127,480,2959,2939,2973,1905,3024,2985,2904,2899,2546,0.37,0.63,0.02,0.98
19877,2020-21,District,Adams,1109,Washtucna School District,100287,62,26,0,36,0,0,0,4,0,2,56,0,11,0,44,0,0,2,0,4,62,51,62,18,62,62,60,62,58,0.71,0.29,0.00,1.00
19892,2020-21,District,Douglas,9209,Waterville School District,100288,268,140,1,127,4,3,1,69,0,5,186,13,4,3,124,16,6,8,1,46,255,264,265,144,252,262,260,267,222,0.46,0.54,0.01,0.99
19907,2020-21,District,Stevens,33049,Wellpinit School District #49,100289,451,198,2,251,309,0,9,32,2,59,40,54,5,2,411,42,3,29,1,78,397,446,449,40,409,448,422,450,373,0.91,0.09,0.00,1.00
19922,2020-21,District,Chelan,4246,Wenatchee School District,100290,7348,3489,1,3858,18,73,29,3891,2,158,3177,1621,744,373,4015,1116,82,269,215,1042,5727,6604,6975,3333,6232,7266,7079,7133,6306,0.55,0.45,0.05,0.95
19938,2020-21,District,Spokane,32363,West Valley School District (Spokane),100291,3461,1511,248,1702,38,47,64,384,14,306,2608,119,124,107,1868,4,50,187,138,483,3342,3337,3354,1593,3457,3411,3274,3323,2978,0.54,0.46,0.03,0.97
19953,2020-21,District,Yakima,39208,West Valley School District (Yakima),100292,5298,2596,5,2697,46,140,43,1822,5,158,3084,452,567,66,2487,73,84,158,122,789,4846,4731,5232,2811,5225,5214,5140,5176,4509,0.47,0.53,0.01,0.99
19968,2020-21,District,Lewis,21303,White Pass School District,100293,354,170,1,183,2,1,4,34,1,7,305,0,6,39,248,2,2,28,3,57,354,348,315,106,352,352,326,351,297,0.70,0.30,0.11,0.89
19983,2020-21,District,Pierce,27416,White River School District,100294,4020,1985,0,2035,31,52,26,471,12,252,3175,119,254,54,1124,1,87,91,135,571,3901,3766,3966,2896,4019,3933,3929,3885,3449,0.28,0.72,0.01,0.99
19999,2020-21,District,Klickitat,20405,White Salmon Valley School District,100295,1168,540,1,627,10,5,3,381,1,39,729,194,79,1,510,16,10,44,27,170,974,1089,1167,658,1152,1158,1124,1141,998,0.44,0.56,0.00,1.00
20014,2020-21,District,Lincoln,22200,Wilbur School District,100296,221,110,1,110,25,0,0,16,0,27,153,0,3,7,100,4,1,12,1,42,221,218,214,121,217,220,209,220,179,0.45,0.55,0.03,0.97
20029,2020-21,District,Pacific,25160,Willapa Valley School District,100297,386,194,0,192,0,2,0,41,0,33,309,7,13,8,160,0,0,7,8,49,379,373,378,226,386,386,379,378,337,0.41,0.59,0.02,0.98
20044,2020-21,District,Grant,13167,Wilson Creek School District,100298,147,77,0,70,1,0,0,22,0,7,117,3,4,1,93,0,0,6,0,19,144,143,146,54,147,147,141,147,128,0.63,0.37,0.01,0.99
20059,2020-21,District,Lewis,21232,Winlock School District,100299,700,339,4,357,2,3,2,177,0,46,470,57,18,46,584,92,11,30,19,132,643,682,654,116,608,689,670,681,568,0.83,0.17,0.07,0.93
20074,2020-21,District,Grays Harbor,14117,Wishkah Valley School District,100300,146,75,0,71,0,0,0,5,3,1,137,0,10,8,97,0,3,9,12,25,146,136,138,49,146,143,137,134,121,0.66,0.34,0.05,0.95
20088,2020-21,District,Klickitat,20094,Wishram School District,100301,64,18,1,45,6,0,0,5,0,4,48,0,0,0,46,4,0,3,1,7,64,64,64,18,60,64,61,63,57,0.72,0.28,0.00,1.00
20103,2020-21,District,Cowlitz,8404,Woodland School District,100302,2419,1134,0,1285,8,16,11,544,0,100,1740,199,260,105,1037,7,25,110,82,333,2220,2159,2314,1382,2412,2394,2309,2337,2086,0.43,0.57,0.04,0.96
20118,2020-21,District,Yakima,39007,Yakima School District,100303,15879,7840,2,8037,149,57,83,12713,12,394,2471,4747,290,342,12556,1432,69,352,433,2216,11132,15589,15537,3323,14447,15810,15527,15446,13663,0.79,0.21,0.02,0.98
20133,2020-21,District,Thurston,34002,Yelm School District,100304,5433,2589,3,2841,110,83,74,926,94,612,3534,153,319,77,2576,35,828,208,237,868,5280,5114,5356,2857,5398,4605,5225,5196,4565,0.47,0.53,0.01,0.99
20148,2020-21,District,Yakima,39205,Zillah School District,100305,1278,597,1,680,49,4,1,714,0,47,463,161,0,15,721,69,6,34,23,154,1117,1278,1263,557,1209,1272,1244,1255,1124,0.56,0.44,0.01,0.99
